842
833
51
202
423
992
400
322
365
762
828
583
969
695
872
85
21
283
413
114
262
98
478
805
682
624
936
510
222
364
350
184
287
317
228
30
198
90
315
278
65
378
506
515
769
364
723
322
475
201
237
651
142
658
306
607
198
564
428
354
262
90
80
323
89
132
339
776
239
417
356
312
234
658
360
766
369
97
278
117
758
182
557
83
218
222
55
522
510
29
517
601
413
423
120
632
617
145
635
582
830
24
15
551
851
444
334
244
188
266
577
932
941
439
175
552
808
968
385
584
988
814
341
335
626
879
386
447
839
676
615
475
125
191
254
675
457
223
147
445
77
625
90
73
431
176
223
908
881
575
